0.0000E+00
4.5351E-04
9.0703E-04
1.3605E-03
1.8141E-03
2.2676E-03
2.7211E-03
3.1746E-03
3.6281E-03
4.0816E-03
4.5351E-03
4.9887E-03
5.4422E-03
5.8957E-03
6.3492E-03
6.8027E-03
7.2562E-03
7.7098E-03
8.1633E-03
8.6168E-03
9.0703E-03
9.5238E-03
9.9773E-03
1.0431E-02
1.0884E-02
1.1338E-02
1.1791E-02
1.2245E-02
1.2698E-02
1.3152E-02
1.3605E-02
1.4059E-02
1.4512E-02
1.4966E-02
1.5420E-02
1.5873E-02
1.6327E-02
1.6780E-02
1.7234E-02
1.7687E-02
1.8141E-02
1.8594E-02
1.9048E-02
1.9501E-02
1.9955E-02
2.0408E-02
2.0862E-02
2.1315E-02
2.1769E-02
2.2222E-02
2.2676E-02
2.3129E-02
2.3583E-02
2.4036E-02
2.4490E-02
2.4943E-02
2.5397E-02
2.5850E-02
2.6304E-02
2.6757E-02
2.7211E-02
2.7664E-02
2.8118E-02
2.8571E-02
2.9025E-02
2.9478E-02
2.9932E-02
3.0385E-02
3.0839E-02
3.1293E-02
3.1746E-02
3.2200E-02
3.2653E-02
3.3107E-02
3.3560E-02
3.4014E-02
3.4467E-02
3.4921E-02
3.5374E-02
3.5828E-02
3.6281E-02
3.6735E-02
3.7188E-02
3.7642E-02
3.8095E-02
3.8549E-02
3.9002E-02
3.9456E-02
3.9909E-02
4.0363E-02
4.0816E-02
4.1270E-02
4.1723E-02
4.2177E-02
4.2630E-02
4.3084E-02
4.3537E-02
4.3991E-02
4.4444E-02
4.4898E-02
4.5351E-02
4.5805E-02
4.6259E-02
4.6712E-02
4.7166E-02
4.7619E-02
4.8073E-02
4.8526E-02
4.8980E-02
4.9433E-02
4.9887E-02
5.0340E-02
5.0794E-02
5.1247E-02
5.1701E-02
5.2154E-02
5.2608E-02
5.3061E-02
5.3515E-02
5.3968E-02
5.4422E-02
5.4875E-02
5.5329E-02
5.5782E-02
5.6236E-02
5.6689E-02
5.7143E-02
5.7596E-02
5.8050E-02
5.8503E-02
5.8957E-02
5.9410E-02
5.9864E-02
6.0317E-02
6.0771E-02
6.1224E-02
6.1678E-02
6.2132E-02
6.2585E-02
6.3039E-02
6.3492E-02
6.3946E-02
6.4399E-02
6.4853E-02
6.5306E-02
6.5760E-02
6.6213E-02
6.6667E-02
6.7120E-02
6.7574E-02
6.8027E-02
6.8481E-02
6.8934E-02
6.9388E-02
6.9841E-02
7.0295E-02
7.0748E-02
7.1202E-02
7.1655E-02
7.2109E-02
7.2562E-02
7.3016E-02
7.3469E-02
7.3923E-02
7.4376E-02
7.4830E-02
7.5283E-02
7.5737E-02
7.6190E-02
7.6644E-02
7.7098E-02
7.7551E-02
7.8005E-02
7.8458E-02
7.8912E-02
7.9365E-02
7.9819E-02
8.0272E-02
8.0726E-02
8.1179E-02
8.1633E-02
8.2086E-02
8.2540E-02
8.2993E-02
8.3447E-02
8.3900E-02
8.4354E-02
8.4807E-02
8.5261E-02
8.5714E-02
8.6168E-02
8.6621E-02
8.7075E-02
8.7528E-02
8.7982E-02
8.8435E-02
8.8889E-02
8.9342E-02
8.9796E-02
9.0249E-02
9.0703E-02
9.1156E-02
9.1610E-02
9.2063E-02
9.2517E-02
9.2971E-02
9.3424E-02
9.3878E-02
9.4331E-02
9.4785E-02
9.5238E-02
9.5692E-02
9.6145E-02
9.6599E-02
9.7052E-02
9.7506E-02
9.7959E-02
9.8413E-02
9.8866E-02
9.9320E-02
9.9773E-02
1.0023E-01
1.0068E-01
1.0113E-01
1.0159E-01
1.0204E-01
1.0249E-01
1.0295E-01
1.0340E-01
1.0385E-01
1.0431E-01
1.0476E-01
1.0522E-01
1.0567E-01
1.0612E-01
1.0658E-01
1.0703E-01
1.0748E-01
1.0794E-01
1.0839E-01
1.0884E-01
1.0930E-01
1.0975E-01
1.1020E-01
1.1066E-01
1.1111E-01
1.1156E-01
1.1202E-01
1.1247E-01
1.1293E-01
1.1338E-01
1.1383E-01
1.1429E-01
1.1474E-01
1.1519E-01
1.1565E-01
1.1610E-01
1.1655E-01
1.1701E-01
1.1746E-01
1.1791E-01
1.1837E-01
1.1882E-01
1.1927E-01
1.1973E-01
1.2018E-01
1.2063E-01
1.2109E-01
1.2154E-01
1.2200E-01
1.2245E-01
1.2290E-01
1.2336E-01
1.2381E-01
1.2426E-01
1.2472E-01
1.2517E-01
1.2562E-01
1.2608E-01
1.2653E-01
1.2698E-01
1.2744E-01
1.2789E-01
1.2834E-01
1.2880E-01
1.2925E-01
1.2971E-01
1.3016E-01
1.3061E-01
1.3107E-01
1.3152E-01
1.3197E-01
1.3243E-01
1.3288E-01
1.3333E-01
1.3379E-01
1.3424E-01
1.3469E-01
1.3515E-01
1.3560E-01
1.3605E-01
1.3651E-01
1.3696E-01
1.3741E-01
1.3787E-01
1.3832E-01
1.3878E-01
1.3923E-01
1.3968E-01
1.4014E-01
1.4059E-01
1.4104E-01
1.4150E-01
1.4195E-01
1.4240E-01
1.4286E-01
1.4331E-01
1.4376E-01
1.4422E-01
1.4467E-01
1.4512E-01
1.4558E-01
1.4603E-01
1.4649E-01
1.4694E-01
1.4739E-01
1.4785E-01
1.4830E-01
1.4875E-01
1.4921E-01
1.4966E-01
1.5011E-01
1.5057E-01
1.5102E-01
1.5147E-01
1.5193E-01
1.5238E-01
1.5283E-01
1.5329E-01
1.5374E-01
1.5420E-01
1.5465E-01
1.5510E-01
1.5556E-01
1.5601E-01
1.5646E-01
1.5692E-01
1.5737E-01
1.5782E-01
1.5828E-01
1.5873E-01
1.5918E-01
1.5964E-01
1.6009E-01
1.6054E-01
1.6100E-01
1.6145E-01
1.6190E-01
1.6236E-01
1.6281E-01
1.6327E-01
1.6372E-01
1.6417E-01
1.6463E-01
1.6508E-01
1.6553E-01
1.6599E-01
1.6644E-01
1.6689E-01
1.6735E-01
1.6780E-01
1.6825E-01
1.6871E-01
1.6916E-01
1.6961E-01
1.7007E-01
1.7052E-01
1.7098E-01
1.7143E-01
1.7188E-01
1.7234E-01
1.7279E-01
1.7324E-01
1.7370E-01
1.7415E-01
1.7460E-01
1.7506E-01
1.7551E-01
1.7596E-01
1.7642E-01
1.7687E-01
1.7732E-01
1.7778E-01
1.7823E-01
1.7868E-01
1.7914E-01
1.7959E-01
1.8005E-01
1.8050E-01
1.8095E-01
1.8141E-01
1.8186E-01
1.8231E-01
1.8277E-01
1.8322E-01
1.8367E-01
1.8413E-01
1.8458E-01
1.8503E-01
1.8549E-01
1.8594E-01
1.8639E-01
1.8685E-01
1.8730E-01
1.8776E-01
1.8821E-01
1.8866E-01
1.8912E-01
1.8957E-01
1.9002E-01
1.9048E-01
1.9093E-01
1.9138E-01
1.9184E-01
1.9229E-01
1.9274E-01
1.9320E-01
1.9365E-01
1.9410E-01
1.9456E-01
1.9501E-01
1.9546E-01
1.9592E-01
1.9637E-01
1.9683E-01
1.9728E-01
1.9773E-01
1.9819E-01
1.9864E-01
1.9909E-01
1.9955E-01
2.0000E-01
2.0045E-01
2.0091E-01
2.0136E-01
2.0181E-01
2.0227E-01
2.0272E-01
2.0317E-01
2.0363E-01
2.0408E-01
2.0454E-01
2.0499E-01
2.0544E-01
2.0590E-01
2.0635E-01
2.0680E-01
2.0726E-01
2.0771E-01
2.0816E-01
2.0862E-01
2.0907E-01
2.0952E-01
2.0998E-01
2.1043E-01
2.1088E-01
2.1134E-01
2.1179E-01
2.1224E-01
2.1270E-01
2.1315E-01
2.1361E-01
2.1406E-01
2.1451E-01
2.1497E-01
2.1542E-01
2.1587E-01
2.1633E-01
2.1678E-01
2.1723E-01
2.1769E-01
2.1814E-01
2.1859E-01
2.1905E-01
2.1950E-01
2.1995E-01
2.2041E-01
2.2086E-01
2.2132E-01
2.2177E-01
2.2222E-01
2.2268E-01
2.2313E-01
2.2358E-01
2.2404E-01
2.2449E-01
2.2494E-01
2.2540E-01
2.2585E-01
2.2630E-01
2.2676E-01
2.2721E-01
2.2766E-01
2.2812E-01
2.2857E-01
2.2902E-01
2.2948E-01
2.2993E-01
2.3039E-01
2.3084E-01
2.3129E-01
2.3175E-01
2.3220E-01
2.3265E-01
2.3311E-01
2.3356E-01
2.3401E-01
2.3447E-01
2.3492E-01
2.3537E-01
2.3583E-01
2.3628E-01
2.3673E-01
2.3719E-01
2.3764E-01
2.3810E-01
2.3855E-01
2.3900E-01
2.3946E-01
2.3991E-01
2.4036E-01
2.4082E-01
2.4127E-01
2.4172E-01
2.4218E-01
2.4263E-01
2.4308E-01
2.4354E-01
2.4399E-01
2.4444E-01
2.4490E-01
2.4535E-01
2.4580E-01
2.4626E-01
2.4671E-01
2.4717E-01
2.4762E-01
2.4807E-01
2.4853E-01
2.4898E-01
2.4943E-01
2.4989E-01
2.5034E-01
2.5079E-01
2.5125E-01
2.5170E-01
2.5215E-01
2.5261E-01
2.5306E-01
2.5351E-01
2.5397E-01
2.5442E-01
2.5488E-01
2.5533E-01
2.5578E-01
2.5624E-01
2.5669E-01
2.5714E-01
2.5760E-01
2.5805E-01
2.5850E-01
2.5896E-01
2.5941E-01
2.5986E-01
2.6032E-01
2.6077E-01
2.6122E-01
2.6168E-01
2.6213E-01
2.6259E-01
2.6304E-01
2.6349E-01
2.6395E-01
2.6440E-01
2.6485E-01
2.6531E-01
2.6576E-01
2.6621E-01
2.6667E-01
2.6712E-01
2.6757E-01
2.6803E-01
2.6848E-01
2.6893E-01
2.6939E-01
2.6984E-01
2.7029E-01
2.7075E-01
2.7120E-01
2.7166E-01
2.7211E-01
2.7256E-01
2.7302E-01
2.7347E-01
2.7392E-01
2.7438E-01
2.7483E-01
2.7528E-01
2.7574E-01
2.7619E-01
2.7664E-01
2.7710E-01
2.7755E-01
2.7800E-01
2.7846E-01
2.7891E-01
2.7937E-01
2.7982E-01
2.8027E-01
2.8073E-01
2.8118E-01
2.8163E-01
2.8209E-01
2.8254E-01
2.8299E-01
2.8345E-01
2.8390E-01
2.8435E-01
2.8481E-01
2.8526E-01
2.8571E-01
2.8617E-01
2.8662E-01
2.8707E-01
2.8753E-01
2.8798E-01
2.8844E-01
2.8889E-01
2.8934E-01
2.8980E-01
2.9025E-01
2.9070E-01
2.9116E-01
2.9161E-01
2.9206E-01
2.9252E-01
2.9297E-01
2.9342E-01
2.9388E-01
2.9433E-01
2.9478E-01
2.9524E-01
2.9569E-01
2.9615E-01
2.9660E-01
2.9705E-01
2.9751E-01
2.9796E-01
2.9841E-01
2.9887E-01
2.9932E-01
2.9977E-01
3.0023E-01
3.0068E-01
3.0113E-01
3.0159E-01
3.0204E-01
3.0249E-01
3.0295E-01
3.0340E-01
3.0385E-01
3.0431E-01
3.0476E-01
3.0522E-01
3.0567E-01
3.0612E-01
3.0658E-01
3.0703E-01
3.0748E-01
3.0794E-01
3.0839E-01
3.0884E-01
3.0930E-01
3.0975E-01
3.1020E-01
3.1066E-01
3.1111E-01
3.1156E-01
3.1202E-01
3.1247E-01
3.1293E-01
3.1338E-01
3.1383E-01
3.1429E-01
3.1474E-01
3.1519E-01
3.1565E-01
3.1610E-01
3.1655E-01
3.1701E-01
3.1746E-01
3.1791E-01
3.1837E-01
3.1882E-01
3.1927E-01
3.1973E-01
3.2018E-01
3.2063E-01
3.2109E-01
3.2154E-01
3.2200E-01
3.2245E-01
3.2290E-01
3.2336E-01
3.2381E-01
3.2426E-01
3.2472E-01
3.2517E-01
3.2562E-01
3.2608E-01
3.2653E-01
3.2698E-01
3.2744E-01
3.2789E-01
3.2834E-01
3.2880E-01
3.2925E-01
3.2971E-01
3.3016E-01
3.3061E-01
3.3107E-01
3.3152E-01
3.3197E-01
3.3243E-01
3.3288E-01
3.3333E-01
3.3379E-01
3.3424E-01
3.3469E-01
3.3515E-01
3.3560E-01
3.3605E-01
3.3651E-01
3.3696E-01
3.3741E-01
3.3787E-01
3.3832E-01
3.3878E-01
3.3923E-01
3.3968E-01
3.4014E-01
3.4059E-01
3.4104E-01
3.4150E-01
3.4195E-01
3.4240E-01
3.4286E-01
3.4331E-01
3.4376E-01
3.4422E-01
3.4467E-01
3.4512E-01
3.4558E-01
3.4603E-01
3.4649E-01
3.4694E-01
3.4739E-01
3.4785E-01
3.4830E-01
3.4875E-01
3.4921E-01
3.4966E-01
3.5011E-01
3.5057E-01
3.5102E-01
3.5147E-01
3.5193E-01
3.5238E-01
3.5283E-01
3.5329E-01
3.5374E-01
3.5420E-01
3.5465E-01
3.5510E-01
3.5556E-01
3.5601E-01
3.5646E-01
3.5692E-01
3.5737E-01
3.5782E-01
3.5828E-01
3.5873E-01
3.5918E-01
3.5964E-01
3.6009E-01
3.6054E-01
3.6100E-01
3.6145E-01
3.6190E-01
3.6236E-01
3.6281E-01
3.6327E-01
3.6372E-01
3.6417E-01
3.6463E-01
3.6508E-01
3.6553E-01
3.6599E-01
3.6644E-01
3.6689E-01
3.6735E-01
3.6780E-01
3.6825E-01
3.6871E-01
3.6916E-01
3.6961E-01
3.7007E-01
3.7052E-01
3.7098E-01
3.7143E-01
3.7188E-01
3.7234E-01
3.7279E-01
3.7324E-01
3.7370E-01
3.7415E-01
3.7460E-01
3.7506E-01
3.7551E-01
3.7596E-01
3.7642E-01
3.7687E-01
3.7732E-01
3.7778E-01
3.7823E-01
3.7868E-01
3.7914E-01
3.7959E-01
3.8005E-01
3.8050E-01
3.8095E-01
3.8141E-01
3.8186E-01
3.8231E-01
3.8277E-01
3.8322E-01
3.8367E-01
3.8413E-01
3.8458E-01
3.8503E-01
3.8549E-01
3.8594E-01
3.8639E-01
3.8685E-01
3.8730E-01
3.8776E-01
3.8821E-01
3.8866E-01
3.8912E-01
3.8957E-01
3.9002E-01
3.9048E-01
3.9093E-01
3.9138E-01
3.9184E-01
3.9229E-01
3.9274E-01
3.9320E-01
3.9365E-01
3.9410E-01
3.9456E-01
3.9501E-01
3.9546E-01
3.9592E-01
3.9637E-01
3.9683E-01
3.9728E-01
3.9773E-01
3.9819E-01
3.9864E-01
3.9909E-01
3.9955E-01
4.0000E-01
4.0045E-01
4.0091E-01
4.0136E-01
4.0181E-01
4.0227E-01
4.0272E-01
4.0317E-01
4.0363E-01
4.0408E-01
4.0454E-01
4.0499E-01
4.0544E-01
4.0590E-01
4.0635E-01
4.0680E-01
4.0726E-01
4.0771E-01
4.0816E-01
4.0862E-01
4.0907E-01
4.0952E-01
4.0998E-01
4.1043E-01
4.1088E-01
4.1134E-01
4.1179E-01
4.1224E-01
4.1270E-01
4.1315E-01
4.1361E-01
4.1406E-01
4.1451E-01
4.1497E-01
4.1542E-01
4.1587E-01
4.1633E-01
4.1678E-01
4.1723E-01
4.1769E-01
4.1814E-01
4.1859E-01
4.1905E-01
4.1950E-01
4.1995E-01
4.2041E-01
4.2086E-01
4.2132E-01
4.2177E-01
4.2222E-01
4.2268E-01
4.2313E-01
4.2358E-01
4.2404E-01
4.2449E-01
4.2494E-01
4.2540E-01
4.2585E-01
4.2630E-01
4.2676E-01
4.2721E-01
4.2766E-01
4.2812E-01
4.2857E-01
4.2902E-01
4.2948E-01
4.2993E-01
4.3039E-01
4.3084E-01
4.3129E-01
4.3175E-01
4.3220E-01
4.3265E-01
4.3311E-01
4.3356E-01
4.3401E-01
4.3447E-01
4.3492E-01
4.3537E-01
4.3583E-01
4.3628E-01
4.3673E-01
4.3719E-01
4.3764E-01
4.3810E-01
4.3855E-01
4.3900E-01
4.3946E-01
4.3991E-01
4.4036E-01
4.4082E-01
4.4127E-01
4.4172E-01
4.4218E-01
4.4263E-01
4.4308E-01
4.4354E-01
4.4399E-01
4.4444E-01
4.4490E-01
4.4535E-01
4.4580E-01
4.4626E-01
4.4671E-01
4.4717E-01
4.4762E-01
4.4807E-01
4.4853E-01
4.4898E-01
4.4943E-01
4.4989E-01
4.5034E-01
4.5079E-01
4.5125E-01
4.5170E-01
4.5215E-01
4.5261E-01
4.5306E-01
4.5351E-01
4.5397E-01
4.5442E-01
4.5488E-01
4.5533E-01
4.5578E-01
4.5624E-01
4.5669E-01
4.5714E-01
4.5760E-01
4.5805E-01
4.5850E-01
4.5896E-01
4.5941E-01
4.5986E-01
4.6032E-01
4.6077E-01
4.6122E-01
4.6168E-01
4.6213E-01
4.6259E-01
4.6304E-01
4.6349E-01
4.6395E-01
4.6440E-01
4.6485E-01
4.6531E-01
4.6576E-01
4.6621E-01
4.6667E-01
4.6712E-01
4.6757E-01
4.6803E-01
4.6848E-01
4.6893E-01
4.6939E-01
4.6984E-01
4.7029E-01
4.7075E-01
4.7120E-01
4.7166E-01
4.7211E-01
4.7256E-01
4.7302E-01
4.7347E-01
4.7392E-01
4.7438E-01
4.7483E-01
4.7528E-01
4.7574E-01
4.7619E-01
4.7664E-01
4.7710E-01
4.7755E-01
4.7800E-01
4.7846E-01
4.7891E-01
4.7937E-01
4.7982E-01
4.8027E-01
4.8073E-01
4.8118E-01
4.8163E-01
4.8209E-01
4.8254E-01
4.8299E-01
4.8345E-01
4.8390E-01
4.8435E-01
4.8481E-01
4.8526E-01
4.8571E-01
4.8617E-01
4.8662E-01
4.8707E-01
4.8753E-01
4.8798E-01
4.8844E-01
4.8889E-01
4.8934E-01
4.8980E-01
4.9025E-01
4.9070E-01
4.9116E-01
4.9161E-01
4.9206E-01
4.9252E-01
4.9297E-01
4.9342E-01
4.9388E-01
4.9433E-01
4.9478E-01
4.9524E-01
4.9569E-01
4.9615E-01
4.9660E-01
4.9705E-01
4.9751E-01
4.9796E-01
4.9841E-01
4.9887E-01
4.9932E-01
4.9977E-01
5.0023E-01
5.0068E-01
5.0113E-01
5.0159E-01
5.0204E-01
5.0249E-01
5.0295E-01
5.0340E-01
5.0385E-01
5.0431E-01
5.0476E-01
5.0522E-01
5.0567E-01
5.0612E-01
5.0658E-01
5.0703E-01
5.0748E-01
5.0794E-01
5.0839E-01
5.0884E-01
5.0930E-01
5.0975E-01
5.1020E-01
5.1066E-01
5.1111E-01
5.1156E-01
5.1202E-01
5.1247E-01
5.1293E-01
5.1338E-01
5.1383E-01
5.1429E-01
5.1474E-01
5.1519E-01
5.1565E-01
5.1610E-01
5.1655E-01
5.1701E-01
5.1746E-01
5.1791E-01
5.1837E-01
5.1882E-01
5.1927E-01
5.1973E-01
5.2018E-01
5.2063E-01
5.2109E-01
5.2154E-01
5.2200E-01
5.2245E-01
5.2290E-01
5.2336E-01
5.2381E-01
5.2426E-01
5.2472E-01
5.2517E-01
5.2562E-01
5.2608E-01
5.2653E-01
5.2698E-01
5.2744E-01
5.2789E-01
5.2834E-01
5.2880E-01
5.2925E-01
5.2971E-01
5.3016E-01
5.3061E-01
5.3107E-01
5.3152E-01
5.3197E-01
5.3243E-01
5.3288E-01
5.3333E-01
5.3379E-01
5.3424E-01
5.3469E-01
5.3515E-01
5.3560E-01
5.3605E-01
5.3651E-01
5.3696E-01
5.3741E-01
5.3787E-01
5.3832E-01
5.3878E-01
5.3923E-01
5.3968E-01
5.4014E-01
5.4059E-01
5.4104E-01
5.4150E-01
5.4195E-01
5.4240E-01
5.4286E-01
5.4331E-01
5.4376E-01
5.4422E-01
5.4467E-01
5.4512E-01
5.4558E-01
5.4603E-01
5.4649E-01
5.4694E-01
5.4739E-01
5.4785E-01
5.4830E-01
5.4875E-01
5.4921E-01
5.4966E-01
5.5011E-01
5.5057E-01
5.5102E-01
5.5147E-01
5.5193E-01
5.5238E-01
5.5283E-01
5.5329E-01
5.5374E-01
5.5420E-01
5.5465E-01
5.5510E-01
5.5556E-01
5.5601E-01
5.5646E-01
5.5692E-01
5.5737E-01
5.5782E-01
5.5828E-01
5.5873E-01
5.5918E-01
5.5964E-01
5.6009E-01
5.6054E-01
5.6100E-01
5.6145E-01
5.6190E-01
5.6236E-01
5.6281E-01
5.6327E-01
5.6372E-01
5.6417E-01
5.6463E-01
5.6508E-01
5.6553E-01
5.6599E-01
5.6644E-01
5.6689E-01
5.6735E-01
5.6780E-01
5.6825E-01
5.6871E-01
5.6916E-01
5.6961E-01
5.7007E-01
5.7052E-01
5.7098E-01
5.7143E-01
5.7188E-01
5.7234E-01
5.7279E-01
5.7324E-01
5.7370E-01
5.7415E-01
5.7460E-01
5.7506E-01
5.7551E-01
5.7596E-01
5.7642E-01
5.7687E-01
5.7732E-01
5.7778E-01
5.7823E-01
5.7868E-01
5.7914E-01
5.7959E-01
5.8005E-01
5.8050E-01
5.8095E-01
5.8141E-01
5.8186E-01
5.8231E-01
5.8277E-01
5.8322E-01
5.8367E-01
5.8413E-01
5.8458E-01
5.8503E-01
5.8549E-01
5.8594E-01
5.8639E-01
5.8685E-01
5.8730E-01
5.8776E-01
5.8821E-01
5.8866E-01
5.8912E-01
5.8957E-01
5.9002E-01
5.9048E-01
5.9093E-01
5.9138E-01
5.9184E-01
5.9229E-01
5.9274E-01
5.9320E-01
5.9365E-01
5.9410E-01
5.9456E-01
5.9501E-01
5.9546E-01
5.9592E-01
5.9637E-01
5.9683E-01
5.9728E-01
5.9773E-01
5.9819E-01
5.9864E-01
5.9909E-01
5.9955E-01
6.0000E-01
6.0045E-01
6.0091E-01
6.0136E-01
6.0181E-01
6.0227E-01
6.0272E-01
6.0317E-01
6.0363E-01
6.0408E-01
6.0454E-01
6.0499E-01
6.0544E-01
6.0590E-01
6.0635E-01
6.0680E-01
6.0726E-01
6.0771E-01
6.0816E-01
6.0862E-01
6.0907E-01
6.0952E-01
6.0998E-01
6.1043E-01
6.1088E-01
6.1134E-01
6.1179E-01
6.1224E-01
6.1270E-01
6.1315E-01
6.1361E-01
6.1406E-01
6.1451E-01
6.1497E-01
6.1542E-01
6.1587E-01
6.1633E-01
6.1678E-01
6.1723E-01
6.1769E-01
6.1814E-01
6.1859E-01
6.1905E-01
6.1950E-01
6.1995E-01
6.2041E-01
6.2086E-01
6.2132E-01
6.2177E-01
6.2222E-01
6.2268E-01
6.2313E-01
6.2358E-01
6.2404E-01
6.2449E-01
6.2494E-01
6.2540E-01
6.2585E-01
6.2630E-01
6.2676E-01
6.2721E-01
6.2766E-01
6.2812E-01
6.2857E-01
6.2902E-01
6.2948E-01
6.2993E-01
6.3039E-01
6.3084E-01
6.3129E-01
6.3175E-01
6.3220E-01
6.3265E-01
6.3311E-01
6.3356E-01
6.3401E-01
6.3447E-01
6.3492E-01
6.3537E-01
6.3583E-01
6.3628E-01
6.3673E-01
6.3719E-01
6.3764E-01
6.3810E-01
6.3855E-01
6.3900E-01
6.3946E-01
6.3991E-01
6.4036E-01
6.4082E-01
6.4127E-01
6.4172E-01
6.4218E-01
6.4263E-01
6.4308E-01
6.4354E-01
6.4399E-01
6.4444E-01
6.4490E-01
6.4535E-01
6.4580E-01
6.4626E-01
6.4671E-01
6.4717E-01
6.4762E-01
6.4807E-01
6.4853E-01
6.4898E-01
6.4943E-01
6.4989E-01
6.5034E-01
6.5079E-01
6.5125E-01
6.5170E-01
6.5215E-01
6.5261E-01
6.5306E-01
6.5351E-01
6.5397E-01
6.5442E-01
6.5488E-01
6.5533E-01
6.5578E-01
6.5624E-01
6.5669E-01
6.5714E-01
6.5760E-01
6.5805E-01
6.5850E-01
6.5896E-01
6.5941E-01
6.5986E-01
6.6032E-01
6.6077E-01
6.6122E-01
6.6168E-01
6.6213E-01
6.6259E-01
6.6304E-01
6.6349E-01
6.6395E-01
6.6440E-01
6.6485E-01
6.6531E-01
6.6576E-01
6.6621E-01
6.6667E-01
6.6712E-01
6.6757E-01
6.6803E-01
6.6848E-01
6.6893E-01
6.6939E-01
6.6984E-01
6.7029E-01
6.7075E-01
6.7120E-01
6.7166E-01
6.7211E-01
6.7256E-01
6.7302E-01
6.7347E-01
6.7392E-01
6.7438E-01
6.7483E-01
6.7528E-01
6.7574E-01
6.7619E-01
6.7664E-01
6.7710E-01
6.7755E-01
6.7800E-01
6.7846E-01
6.7891E-01
6.7937E-01
6.7982E-01
6.8027E-01
6.8073E-01
6.8118E-01
6.8163E-01
6.8209E-01
6.8254E-01
6.8299E-01
6.8345E-01
6.8390E-01
6.8435E-01
6.8481E-01
6.8526E-01
6.8571E-01
6.8617E-01
6.8662E-01
6.8707E-01
6.8753E-01
6.8798E-01
6.8844E-01
6.8889E-01
6.8934E-01
6.8980E-01
6.9025E-01
6.9070E-01
6.9116E-01
6.9161E-01
6.9206E-01
6.9252E-01
6.9297E-01
6.9342E-01
6.9388E-01
6.9433E-01
6.9478E-01
6.9524E-01
6.9569E-01
6.9615E-01
6.9660E-01
6.9705E-01
6.9751E-01
6.9796E-01
6.9841E-01
6.9887E-01
6.9932E-01
6.9977E-01
7.0023E-01
7.0068E-01
7.0113E-01
7.0159E-01
7.0204E-01
7.0249E-01
7.0295E-01
7.0340E-01
7.0385E-01
7.0431E-01
7.0476E-01
7.0522E-01
7.0567E-01
7.0612E-01
7.0658E-01
7.0703E-01
7.0748E-01
7.0794E-01
7.0839E-01
7.0884E-01
7.0930E-01
7.0975E-01
7.1020E-01
7.1066E-01
7.1111E-01
7.1156E-01
7.1202E-01
7.1247E-01
7.1293E-01
7.1338E-01
7.1383E-01
7.1429E-01
7.1474E-01
7.1519E-01
7.1565E-01
7.1610E-01
7.1655E-01
7.1701E-01
7.1746E-01
7.1791E-01
7.1837E-01
7.1882E-01
7.1927E-01
7.1973E-01
7.2018E-01
7.2063E-01
7.2109E-01
7.2154E-01
7.2200E-01
7.2245E-01
7.2290E-01
7.2336E-01
7.2381E-01
7.2426E-01
7.2472E-01
7.2517E-01
7.2562E-01
7.2608E-01
7.2653E-01
7.2698E-01
7.2744E-01
7.2789E-01
7.2834E-01
7.2880E-01
7.2925E-01
7.2971E-01
7.3016E-01
7.3061E-01
7.3107E-01
7.3152E-01
7.3197E-01
7.3243E-01
7.3288E-01
7.3333E-01
7.3379E-01
7.3424E-01
7.3469E-01
7.3515E-01
7.3560E-01
7.3605E-01
7.3651E-01
7.3696E-01
7.3741E-01
7.3787E-01
7.3832E-01
7.3878E-01
7.3923E-01
7.3968E-01
7.4014E-01
7.4059E-01
7.4104E-01
7.4150E-01
7.4195E-01
7.4240E-01
7.4286E-01
7.4331E-01
7.4376E-01
7.4422E-01
7.4467E-01
7.4512E-01
7.4558E-01
7.4603E-01
7.4649E-01
7.4694E-01
7.4739E-01
7.4785E-01
7.4830E-01
7.4875E-01
7.4921E-01
7.4966E-01
7.5011E-01
7.5057E-01
7.5102E-01
7.5147E-01
7.5193E-01
7.5238E-01
7.5283E-01
7.5329E-01
7.5374E-01
7.5420E-01
7.5465E-01
7.5510E-01
7.5556E-01
7.5601E-01
7.5646E-01
7.5692E-01
7.5737E-01
7.5782E-01
7.5828E-01
7.5873E-01
7.5918E-01
7.5964E-01
7.6009E-01
7.6054E-01
7.6100E-01
7.6145E-01
7.6190E-01
7.6236E-01
7.6281E-01
7.6327E-01
7.6372E-01
7.6417E-01
7.6463E-01
7.6508E-01
7.6553E-01
7.6599E-01
7.6644E-01
7.6689E-01
7.6735E-01
7.6780E-01
7.6825E-01
7.6871E-01
7.6916E-01
7.6961E-01
7.7007E-01
7.7052E-01
7.7098E-01
7.7143E-01
7.7188E-01
7.7234E-01
7.7279E-01
7.7324E-01
7.7370E-01
7.7415E-01
7.7460E-01
7.7506E-01
7.7551E-01
7.7596E-01
7.7642E-01
7.7687E-01
7.7732E-01
7.7778E-01
7.7823E-01
7.7868E-01
7.7914E-01
7.7959E-01
7.8005E-01
7.8050E-01
7.8095E-01
7.8141E-01
7.8186E-01
7.8231E-01
7.8277E-01
7.8322E-01
7.8367E-01
7.8413E-01
7.8458E-01
7.8503E-01
7.8549E-01
7.8594E-01
7.8639E-01
7.8685E-01
7.8730E-01
7.8776E-01
7.8821E-01
7.8866E-01
7.8912E-01
7.8957E-01
7.9002E-01
7.9048E-01
7.9093E-01
7.9138E-01
7.9184E-01
7.9229E-01
7.9274E-01
7.9320E-01
7.9365E-01
7.9410E-01
7.9456E-01
7.9501E-01
7.9546E-01
7.9592E-01
7.9637E-01
7.9683E-01
7.9728E-01
7.9773E-01
7.9819E-01
7.9864E-01
7.9909E-01
7.9955E-01
8.0000E-01
8.0045E-01
8.0091E-01
8.0136E-01
8.0181E-01
8.0227E-01
8.0272E-01
8.0317E-01
8.0363E-01
8.0408E-01
8.0454E-01
8.0499E-01
8.0544E-01
8.0590E-01
8.0635E-01
8.0680E-01
8.0726E-01
8.0771E-01
8.0816E-01
8.0862E-01
8.0907E-01
8.0952E-01
8.0998E-01
8.1043E-01
8.1088E-01
8.1134E-01
8.1179E-01
8.1224E-01
8.1270E-01
8.1315E-01
8.1361E-01
8.1406E-01
8.1451E-01
8.1497E-01
8.1542E-01
8.1587E-01
8.1633E-01
8.1678E-01
8.1723E-01
8.1769E-01
8.1814E-01
8.1859E-01
8.1905E-01
8.1950E-01
8.1995E-01
8.2041E-01
8.2086E-01
8.2132E-01
8.2177E-01
8.2222E-01
8.2268E-01
8.2313E-01
8.2358E-01
8.2404E-01
8.2449E-01
8.2494E-01
8.2540E-01
8.2585E-01
8.2630E-01
8.2676E-01
8.2721E-01
8.2766E-01
8.2812E-01
8.2857E-01
8.2902E-01
8.2948E-01
8.2993E-01
8.3039E-01
8.3084E-01
8.3129E-01
8.3175E-01
8.3220E-01
8.3265E-01
8.3311E-01
8.3356E-01
8.3401E-01
8.3447E-01
8.3492E-01
8.3537E-01
8.3583E-01
8.3628E-01
8.3673E-01
8.3719E-01
8.3764E-01
8.3810E-01
8.3855E-01
8.3900E-01
8.3946E-01
8.3991E-01
8.4036E-01
8.4082E-01
8.4127E-01
8.4172E-01
8.4218E-01
8.4263E-01
8.4308E-01
8.4354E-01
8.4399E-01
8.4444E-01
8.4490E-01
8.4535E-01
8.4580E-01
8.4626E-01
8.4671E-01
8.4717E-01
8.4762E-01
8.4807E-01
8.4853E-01
8.4898E-01
8.4943E-01
8.4989E-01
8.5034E-01
8.5079E-01
8.5125E-01
8.5170E-01
8.5215E-01
8.5261E-01
8.5306E-01
8.5351E-01
8.5397E-01
8.5442E-01
8.5488E-01
8.5533E-01
8.5578E-01
8.5624E-01
8.5669E-01
8.5714E-01
8.5760E-01
8.5805E-01
8.5850E-01
8.5896E-01
8.5941E-01
8.5986E-01
8.6032E-01
8.6077E-01
8.6122E-01
8.6168E-01
8.6213E-01
8.6259E-01
8.6304E-01
8.6349E-01
8.6395E-01
8.6440E-01
8.6485E-01
8.6531E-01
8.6576E-01
8.6621E-01
8.6667E-01
8.6712E-01
8.6757E-01
8.6803E-01
8.6848E-01
8.6893E-01
8.6939E-01
8.6984E-01
8.7029E-01
8.7075E-01
8.7120E-01
8.7166E-01
8.7211E-01
8.7256E-01
8.7302E-01
8.7347E-01
8.7392E-01
8.7438E-01
8.7483E-01
8.7528E-01
8.7574E-01
8.7619E-01
8.7664E-01
8.7710E-01
8.7755E-01
8.7800E-01
8.7846E-01
8.7891E-01
8.7937E-01
8.7982E-01
8.8027E-01
8.8073E-01
8.8118E-01
8.8163E-01
8.8209E-01
8.8254E-01
8.8299E-01
8.8345E-01
8.8390E-01
8.8435E-01
8.8481E-01
8.8526E-01
8.8571E-01
8.8617E-01
8.8662E-01
8.8707E-01
8.8753E-01
8.8798E-01
8.8844E-01
8.8889E-01
8.8934E-01
8.8980E-01
8.9025E-01
8.9070E-01
8.9116E-01
8.9161E-01
8.9206E-01
8.9252E-01
8.9297E-01
8.9342E-01
8.9388E-01
8.9433E-01
8.9478E-01
8.9524E-01
8.9569E-01
8.9615E-01
8.9660E-01
8.9705E-01
8.9751E-01
8.9796E-01
8.9841E-01
8.9887E-01
8.9932E-01
8.9977E-01
9.0023E-01
9.0068E-01
9.0113E-01
9.0159E-01
9.0204E-01
9.0249E-01
9.0295E-01
9.0340E-01
9.0385E-01
9.0431E-01
9.0476E-01
9.0522E-01
9.0567E-01
9.0612E-01
9.0658E-01
9.0703E-01
9.0748E-01
9.0794E-01
9.0839E-01
9.0884E-01
9.0930E-01
9.0975E-01
9.1020E-01
9.1066E-01
9.1111E-01
9.1156E-01
9.1202E-01
9.1247E-01
9.1293E-01
9.1338E-01
9.1383E-01
9.1429E-01
9.1474E-01
9.1519E-01
9.1565E-01
9.1610E-01
9.1655E-01
9.1701E-01
9.1746E-01
9.1791E-01
9.1837E-01
9.1882E-01
9.1927E-01
9.1973E-01
9.2018E-01
9.2063E-01
9.2109E-01
9.2154E-01
9.2200E-01
9.2245E-01
9.2290E-01
9.2336E-01
9.2381E-01
9.2426E-01
9.2472E-01
9.2517E-01
9.2562E-01
9.2608E-01
9.2653E-01
9.2698E-01
9.2744E-01
9.2789E-01
9.2834E-01
9.2880E-01
9.2925E-01
9.2971E-01
9.3016E-01
9.3061E-01
9.3107E-01
9.3152E-01
9.3197E-01
9.3243E-01
9.3288E-01
9.3333E-01
9.3379E-01
9.3424E-01
9.3469E-01
9.3515E-01
9.3560E-01
9.3605E-01
9.3651E-01
9.3696E-01
9.3741E-01
9.3787E-01
9.3832E-01
9.3878E-01
9.3923E-01
9.3968E-01
9.4014E-01
9.4059E-01
9.4104E-01
9.4150E-01
9.4195E-01
9.4240E-01
9.4286E-01
9.4331E-01
9.4376E-01
9.4422E-01
9.4467E-01
9.4512E-01
9.4558E-01
9.4603E-01
9.4649E-01
9.4694E-01
9.4739E-01
9.4785E-01
9.4830E-01
9.4875E-01
9.4921E-01
9.4966E-01
9.5011E-01
9.5057E-01
9.5102E-01
9.5147E-01
9.5193E-01
9.5238E-01
9.5283E-01
9.5329E-01
9.5374E-01
9.5420E-01
9.5465E-01
9.5510E-01
9.5556E-01
9.5601E-01
9.5646E-01
9.5692E-01
9.5737E-01
9.5782E-01
9.5828E-01
9.5873E-01
9.5918E-01
9.5964E-01
9.6009E-01
9.6054E-01
9.6100E-01
9.6145E-01
9.6190E-01
9.6236E-01
9.6281E-01
9.6327E-01
9.6372E-01
9.6417E-01
9.6463E-01
9.6508E-01
9.6553E-01
9.6599E-01
9.6644E-01
9.6689E-01
9.6735E-01
9.6780E-01
9.6825E-01
9.6871E-01
9.6916E-01
9.6961E-01
9.7007E-01
9.7052E-01
9.7098E-01
9.7143E-01
9.7188E-01
9.7234E-01
9.7279E-01
9.7324E-01
9.7370E-01
9.7415E-01
9.7460E-01
9.7506E-01
9.7551E-01
9.7596E-01
9.7642E-01
9.7687E-01
9.7732E-01
9.7778E-01
9.7823E-01
9.7868E-01
9.7914E-01
9.7959E-01
9.8005E-01
9.8050E-01
9.8095E-01
9.8141E-01
9.8186E-01
9.8231E-01
9.8277E-01
9.8322E-01
9.8367E-01
9.8413E-01
9.8458E-01
9.8503E-01
9.8549E-01
9.8594E-01
9.8639E-01
9.8685E-01
9.8730E-01
9.8776E-01
9.8821E-01
9.8866E-01
9.8912E-01
9.8957E-01
9.9002E-01
9.9048E-01
9.9093E-01
9.9138E-01
9.9184E-01
9.9229E-01
9.9274E-01
9.9320E-01
9.9365E-01
9.9410E-01
9.9456E-01
9.9501E-01
9.9546E-01
9.9592E-01
9.9637E-01
9.9683E-01
9.9728E-01
9.9773E-01
9.9819E-01
9.9864E-01
9.9909E-01
9.9955E-01
1.0000E+00
1.0005E+00
1.0009E+00
1.0014E+00
1.0018E+00
1.0023E+00
1.0027E+00
1.0032E+00
1.0036E+00
1.0041E+00
1.0045E+00
1.0050E+00
1.0054E+00
1.0059E+00
1.0063E+00
1.0068E+00
1.0073E+00
1.0077E+00
1.0082E+00
1.0086E+00
1.0091E+00
1.0095E+00
1.0100E+00
1.0104E+00
1.0109E+00
1.0113E+00
1.0118E+00
1.0122E+00
1.0127E+00
1.0132E+00
1.0136E+00
1.0141E+00
1.0145E+00
1.0150E+00
1.0154E+00
1.0159E+00
1.0163E+00
1.0168E+00
1.0172E+00
1.0177E+00
1.0181E+00
1.0186E+00
1.0190E+00
1.0195E+00
1.0200E+00
1.0204E+00
1.0209E+00
1.0213E+00
1.0218E+00
1.0222E+00
1.0227E+00
1.0231E+00
1.0236E+00
1.0240E+00
1.0245E+00
1.0249E+00
1.0254E+00
1.0259E+00
1.0263E+00
1.0268E+00
1.0272E+00
1.0277E+00
1.0281E+00
1.0286E+00
1.0290E+00
1.0295E+00
1.0299E+00
1.0304E+00
1.0308E+00
1.0313E+00
1.0317E+00
1.0322E+00
1.0327E+00
1.0331E+00
1.0336E+00
1.0340E+00
1.0345E+00
1.0349E+00
1.0354E+00
1.0358E+00
1.0363E+00
1.0367E+00
1.0372E+00
1.0376E+00
1.0381E+00
1.0385E+00
1.0390E+00
1.0395E+00
1.0399E+00
1.0404E+00
1.0408E+00
1.0413E+00
1.0417E+00
1.0422E+00
1.0426E+00
1.0431E+00
1.0435E+00
1.0440E+00
1.0444E+00
1.0449E+00
1.0454E+00
1.0458E+00
1.0463E+00
1.0467E+00
1.0472E+00
1.0476E+00
1.0481E+00
1.0485E+00
1.0490E+00
1.0494E+00
1.0499E+00
1.0503E+00
1.0508E+00
1.0512E+00
1.0517E+00
1.0522E+00
1.0526E+00
1.0531E+00
1.0535E+00
1.0540E+00
1.0544E+00
1.0549E+00
1.0553E+00
1.0558E+00
1.0562E+00
1.0567E+00
1.0571E+00
1.0576E+00
2.0000E+00
2.0000E+00
2.0000E+00





